1953 1646 1767 2133 2530 0 1953 1646 1767 2133 2530 0 23961 23998 18250 13855 12390 0 3809
2089 1693 1673 2049 2166 0 2089 1693 1673 2049 2166 0 24034 24950 18023 12697 11024 0 4503
1664 1750 1481 1563 1710 0 1664 1750 1481 1563 1710 0 26259 23780 15943 12193 10324 0 2984
1994 2060 2069 2354 2467 0 1994 2060 2069 2354 2467 0 37140 31633 21599 15838 15323 0 3345
2065 2282 2405 2561 2850 0 2065 2282 2405 2561 2850 0 18096 28404 18303 16454 13390 0 3232
1120 1740 1970 2270 2621 0 1120 1740 1970 2270 2621 0 14869 22707 17079 12657 10468 0 3330
1500 1674 1721 1985 2283 0 1500 1674 1721 1985 2283 0 7994 16978 12547 9465 7449 0 2546
1451 948 1288 1785 2247 0 1451 948 1288 1785 2247 0 21919 21011 16984 12512 10838 0 3380
1194 773 795 1215 1695 0 1194 773 795 1215 1695 0 9115 9749 7821 6448 5464 0 2791
1421 928 913 1334 1793 0 1421 928 913 1334 1793 0 8644 9719 7439 6237 5265 0 2841
1505 915 1039 1467 1909 0 1505 915 1039 1467 1909 0 8479 10350 8661 6996 5972 0 3399
1802 1501 1422 1972 2304 0 1802 1501 1422 1972 2304 0 10359 13616 11925 9129 8077 0 3558
1780 1353 1414 1954 2272 0 1780 1353 1414 1954 2272 0 9192 14186 11821 9448 7659 0 3836
1759 1338 1378 1874 2190 0 1759 1338 1378 1874 2190 0 10538 14671 11862 9264 7550 0 3661
265 331 761 1449 1982 0 265 331 761 1449 1982 0 7762 12328 10511 8455 6869 0 3124
1697 1743 1300 1023 1077 0 1697 1743 1300 1023 1077 0 9101 13173 11363 8893 7255 0 3733
1654 1929 1667 1381 1593 0 1654 1929 1667 1381 1593 0 7138 10451 9787 7377 6524 0 3311
1718 1810 1386 1317 1587 0 1718 1810 1386 1317 1587 0 7065 10745 9616 7766 6452 0 3183
1705 1777 1356 1294 1571 0 1705 1777 1356 1294 1571 0 7356 11079 9734 7658 6785 0 3259
1273 1223 1044 873 759 0 1273 1223 1044 873 759 0 9239 11348 9640 7828 6767 0 3143
1912 1343 1547 1877 2223 0 1912 1343 1547 1877 2223 0 16021 17220 12650 10199 8385 0 3671
1876 1345 1538 1895 2228 0 1876 1345 1538 1895 2228 0 16244 17337 13123 10056 8617 0 3675
2042 1767 1501 1830 2881 0 2042 1767 1501 1830 2881 0 20588 18583 13796 9769 8856 0 3544
1966 1777 1506 1786 2178 0 1966 1777 1506 1786 2178 0 13669 17785 12824 9952 7879 0 3453
1900 1182 1384 1870 2215 0 1900 1182 1384 1870 2215 0 14248 16441 12688 9447 8203 0 3788
1830 1427 1363 1833 2229 0 1830 1427 1363 1833 2229 0 12002 14467 11605 9088 7490 0 3204
1851 1525 1388 1834 2224 0 1851 1525 1388 1834 2224 0 11916 14117 11480 8505 7503 0 3707
1862 1617 1505 1985 2404 0 1862 1617 1505 1985 2404 0 14241 16486 13454 10618 8880 0 3607
1646 1003 1392 1820 2265 0 1646 1003 1392 1820 2265 0 13659 16271 13523 10750 8648 0 3889
2536 1692 1558 1978 2308 0 2536 1692 1558 1978 2308 0 13107 15047 12159 9791 7909 0 4120
1766 1300 1347 1845 2229 0 1766 1300 1347 1845 2229 0 11329 13652 11459 8808 7361 0 3882
1824 1414 1266 1689 2116 0 1824 1414 1266 1689 2116 0 11473 13846 11891 9059 7401 0 3941
1605 1287 1305 1676 2095 0 1605 1287 1305 1676 2095 0 11224 12486 10075 7607 6592 0 3653
1817 1365 1489 1856 2282 0 1817 1365 1489 1856 2282 0 12029 12615 10159 7848 6690 0 3686
1771 1489 1426 1800 2261 0 1771 1489 1426 1800 2261 0 13525 14108 11361 8944 7703 0 3816
1713 1042 1348 1677 2191 0 1713 1042 1348 1677 2191 0 12698 14411 11766 8892 7826 0 3931
1476 1764 1406 1061 1100 0 1476 1764 1406 1061 1100 0 7125 9146 7801 6501 5509 0 3266
1519 1586 1163 934 1096 0 1519 1586 1163 934 1096 0 7053 9569 8102 6686 5422 0 3084
1503 1578 1219 923 756 0 1503 1578 1219 923 756 0 7535 10205 8983 6621 5926 0 3222
1647 1047 1172 1608 2063 0 1647 1047 1172 1608 2063 0 12417 14796 11379 9094 7283 0 3759
1865 1232 1421 1854 2318 0 1865 1232 1421 1854 2318 0 14334 16516 13002 9912 8461 0 3473
1018 629 946 1365 1811 0 1018 629 946 1365 1811 0 9612 10456 8013 6431 5644 0 3034
1287 781 893 1271 1706 0 1287 781 893 1271 1706 0 8814 9311 7427 5655 4895 0 2800
1680 1126 1363 1739 2133 0 1680 1126 1363 1739 2133 0 11557 13287 10763 8419 6992 0 3724
1914 1795 1465 1914 2298 0 1914 1795 1465 1914 2298 0 12241 15090 12225 9668 8021 0 3518
1261 1044 1114 1572 2151 0 1261 1044 1114 1572 2151 0 13206 14072 11179 8535 7573 0 3866
1502 930 1289 1661 2036 0 1502 930 1289 1661 2036 0 10925 13388 10454 7962 7211 0 3499
1425 979 1024 1480 2050 0 1425 979 1024 1480 2050 0 15008 14920 11551 9036 7088 0 4050
1506 997 1320 1699 2109 0 1506 997 1320 1699 2109 0 15068 15007 11958 8930 8176 0 3161
1586 1853 1800 1600 1292 0 1586 1853 1800 1600 1292 0 8106 10008 8702 7176 6003 0 3286
1668 2045 1821 1407 1225 0 1668 2045 1821 1407 1225 0 10332 12536 10369 8806 7335 0 3978
68 230 586 1107 1556 0 68 230 586 1107 1556 0 10176 11596 9198 6844 5597 0 3544
91 158 530 1184 1718 0 91 158 530 1184 1718 0 9709 11495 9168 7162 6103 0 3668
131 351 800 1430 2029 0 131 351 800 1430 2029 0 11276 12692 9337 7240 6183 0 3403
1349 1601 1445 1211 1407 0 1349 1601 1445 1211 1407 0 6979 8835 6766 5291 4414 0 3038
1374 1481 1194 1066 1209 0 1374 1481 1194 1066 1209 0 7095 8688 6348 4936 4276 0 3131
1404 1514 1163 974 1210 0 1404 1514 1163 974 1210 0 7237 8713 6240 5033 4217 0 2915
1241 1305 1142 923 826 0 1241 1305 1142 923 826 0 7683 9226 6524 5329 4480 0 2737
1323 1205 973 771 625 0 1323 1205 973 771 625 0 8278 9544 7040 5342 4472 0 3157
863 895 1229 1461 1775 0 863 895 1229 1461 1775 0 10382 11947 9181 7262 6068 0 3745
1825 1212 1524 2108 2465 0 1825 1212 1524 2108 2465 0 13906 16837 12655 9858 8348 0 3940
1908 1265 1432 2047 2378 0 1908 1265 1432 2047 2378 0 12813 15528 11606 9005 8007 0 3931
985 634 1095 1692 2002 0 985 634 1095 1692 2002 0 12716 13628 10728 7963 6630 0 3548
74 194 513 1014 1564 0 74 194 513 1014 1564 0 11536 12391 9840 7533 6080 0 3364
32 65 355 1013 1511 0 32 65 355 1013 1511 0 8457 10333 7362 5756 4833 0 3243
329 530 810 1209 1553 0 329 530 810 1209 1553 0 9507 11246 8726 6636 5714 0 2948
0 180 1051 843 677 0 0 180 1051 843 677 0 8007 12312 10317 8252 7571 0 3207
0 0 626 474 372 0 0 0 626 474 372 0 4295 8323 8622 6677 5909 0 2960
0 0 558 420 337 0 0 0 558 420 337 0 8224 9030 5718 5870 3707 0 2419
1647 998 1443 2080 2739 0 1647 998 1443 2080 2739 0 16352 17989 14454 11479 8929 0 4344
1888 1099 1611 2261 2896 0 1888 1099 1611 2261 2896 0 20335 20048 15967 13122 10255 0 4761
1266 865 605 635 873 0 1266 865 605 635 873 0 10040 16152 13149 10180 8651 0 4778
1568 1042 722 848 1189 0 1568 1042 722 848 1189 0 10237 16826 14390 10915 9029 0 4803
0 21 279 497 628 0 0 21 279 497 628 0 25478 13911 10298 7916 5727 0 2153
0 0 316 236 194 0 0 0 316 236 194 0 6348 3933 3107 2411 2356 0 765
1859 1180 1460 2229 2668 0 1859 1180 1460 2229 2668 0 13743 16859 13718 10575 8745 0 4147
1999 1279 1613 2348 2817 0 1999 1279 1613 2348 2817 0 14217 17464 14079 10600 9063 0 4969
1357 1073 983 1334 1753 0 1357 1073 983 1334 1753 0 10159 10504 8100 6735 5631 0 2755
1349 830 1032 1373 1842 0 1349 830 1032 1373 1842 0 11431 10890 8271 6519 5634 0 3119
1196 1143 1074 932 1016 0 1196 1143 1074 932 1016 0 21348 22038 16354 12043 10152 0 3468
1763 1884 1425 1078 1017 0 1763 1884 1425 1078 1017 0 10383 16466 12857 9809 8179 0 4461
96 331 641 973 1005 0 96 331 641 973 1005 0 1782 1891 1505 1240 1027 0 1088
200 155 227 293 358 0 200 155 227 293 358 0 16263 11183 7937 5771 5614 0 1936
598 418 949 783 738 0 598 418 949 783 738 0 15091 9768 7021 5484 4544 0 2323
1160 1129 1364 988 941 0 1160 1129 1364 988 941 0 13496 9668 6734 4652 4319 0 2283
1451 1306 1280 995 728 0 1451 1306 1280 995 728 0 17523 12134 7221 5773 5808 0 2520
1452 1158 1135 859 701 0 1452 1158 1135 859 701 0 18812 14013 9285 7477 6666 0 2486
123 773 953 827 854 0 123 773 953 827 854 0 18275 11968 8336 6310 5569 0 2473
1872 1037 788 844 864 0 1872 1037 788 844 864 0 20118 17901 13523 10184 9412 0 2584
1492 801 693 765 832 0 1492 801 693 765 832 0 13886 14737 11256 8454 7334 0 2553
1533 827 664 735 791 0 1533 827 664 735 791 0 19260 14954 10952 8267 6956 0 2521
1071 565 467 546 611 0 1071 565 467 546 611 0 15902 13610 9688 7186 6645 0 2365
454 271 553 642 701 0 454 271 553 642 701 0 21943 14936 10446 8338 6792 0 2765
562 1321 1493 1269 1138 0 562 1321 1493 1269 1138 0 29338 27089 18121 14100 11467 0 3490
962 3296 2442 2052 1884 0 962 3296 2442 2052 1884 0 21226 26963 19175 14546 11927 0 3294
1304 800 806 960 754 0 1304 800 806 960 754 0 19169 32226 27195 19109 17024 0 4376
72 322 599 857 1206 0 72 322 599 857 1206 0 24962 39627 28411 21993 19998 0 5979
689 703 577 979 1086 0 689 703 577 979 1086 0 54224 40156 28208 21376 19284 0 9400
824 499 512 582 781 0 824 499 512 582 781 0 44155 30356 20462 16388 14127 0 7222
173 274 333 377 549 0 173 274 333 377 549 0 35242 23215 15167 13497 10881 0 5162
0 211 305 428 898 0 0 211 305 428 898 0 29477 21055 14658 11616 10167 0 4824
272 164 184 232 297 0 272 164 184 232 297 0 9669 7143 5398 3690 3634 0 1487
290 1452 1027 813 688 0 290 1452 1027 813 688 0 10264 7542 5553 4122 3514 0 1620
645 431 308 234 201 0 645 431 308 234 201 0 8082 5621 3736 3019 2701 0 1569
734 590 432 375 363 0 734 590 432 375 363 0 10596 7418 5202 3696 3262 0 1815
1447 725 623 750 708 0 1447 725 623 750 708 0 13835 7764 5833 5093 4214 0 2742
1506 833 535 670 644 0 1506 833 535 670 644 0 13272 7601 6113 5201 4293 0 2569
178 191 188 193 175 0 178 191 188 193 175 0 2976 1825 1371 1213 1225 0 1096
114 168 285 314 328 0 114 168 285 314 328 0 9954 5961 4454 3398 3122 0 1905
10 18 38 60 92 0 10 18 38 60 92 0 2322 1446 1055 883 1303 0 792
85 130 192 240 264 0 85 130 192 240 264 0 2396 1352 964 912 1257 0 805
925 469 437 506 482 0 925 469 437 506 482 0 13087 8016 6220 4471 4266 0 2061
865 447 901 729 748 0 865 447 901 729 748 0 14998 8898 6326 4716 4218 0 1930
14 46 336 699 659 0 14 46 336 699 659 0 11844 6825 4697 3860 2975 0 2049
100 366 540 471 496 0 100 366 540 471 496 0 14048 7856 5534 3977 3455 0 1759
859 1032 1217 927 829 0 859 1032 1217 927 829 0 7754 4610 3228 2463 2057 0 1453
106 101 226 281 361 0 106 101 226 281 361 0 11050 6297 4464 3284 2873 0 1662
311 215 256 347 358 0 311 215 256 347 358 0 11624 6828 4904 3730 3131 0 1830
292 156 175 295 350 0 292 156 175 295 350 0 11427 6467 4675 3515 3188 0 1797
99 118 257 331 402 0 99 118 257 331 402 0 14019 7696 5497 3930 3733 0 1754
639 390 396 453 543 0 639 390 396 453 543 0 43080 33101 22104 16970 13086 0 2963
277 264 445 835 873 0 277 264 445 835 873 0 56602 40357 28296 21708 19698 0 5173
33 96 172 522 642 0 33 96 172 522 642 0 50317 34191 24324 18387 16937 0 6228
0 77 350 782 869 0 0 77 350 782 869 0 54492 34711 24853 18753 16929 0 6311
49 329 228 400 670 0 49 329 228 400 670 0 37993 24178 17606 14608 12873 0 7314
149 179 218 241 155 0 149 179 218 241 155 0 1678 2004 1423 1117 955 0 822
333 251 260 339 533 0 333 251 260 339 533 0 52257 36309 26198 20165 17749 0 8230
71 149 459 703 997 0 71 149 459 703 997 0 57160 38884 27299 21055 18693 0 7862
325 311 544 736 1100 0 325 311 544 736 1100 0 58292 37660 26258 20509 18173 0 8305
2686 1807 1328 1378 1494 0 2686 1807 1328 1378 1494 0 40208 26289 19304 14090 11607 0 4069
1220 648 522 590 722 0 1220 648 522 590 722 0 35263 22108 17240 12697 11094 0 3381
291 167 267 444 563 0 291 167 267 444 563 0 25214 15448 11812 8912 7159 0 3109
1253 645 585 679 683 0 1253 645 585 679 683 0 29263 18109 12622 9261 7571 0 3070
57 84 80 73 74 0 57 84 80 73 74 0 6749 4048 2671 2077 1696 0 1190
52 50 74 80 77 0 52 50 74 80 77 0 1887 1291 890 786 1058 0 858
0 40 58 86 130 0 0 40 58 86 130 0 6264 3300 2167 1743 1479 0 859
75 69 191 1072 892 0 75 69 191 1072 892 0 16494 9746 6229 4848 4383 0 2345
122 439 443 329 274 0 122 439 443 329 274 0 3073 2833 2510 1800 1707 0 1476
1733 920 680 700 825 0 1733 920 680 700 825 0 31692 18461 13260 9819 8900 0 2699
1935 2773 2759 2210 1906 0 1935 2773 2759 2210 1906 0 27124 16443 11307 8897 7870 0 2719
586 621 582 567 521 0 586 621 582 567 521 0 6390 3863 2667 2233 1806 0 1371
526 413 326 259 221 0 526 413 326 259 221 0 12571 7270 4809 3946 3189 0 1680
388 212 314 535 649 0 388 212 314 535 649 0 45646 34264 23952 17798 15468 0 3508
99 63 66 112 145 0 99 63 66 112 145 0 16898 10642 7692 6366 5477 0 2973
292 291 193 243 216 0 292 291 193 243 216 0 14934 9088 7041 3660 5311 0 2289
534 372 296 250 205 0 534 372 296 250 205 0 29483 16524 10112 8939 7274 0 2706
1 13 46 75 139 0 1 13 46 75 139 0 5866 4460 3087 2190 1916 0 1853
43 52 58 60 62 0 43 52 58 60 62 0 1668 1126 907 833 828 0 800
255 250 567 864 1115 0 255 250 567 864 1115 0 34401 20959 14673 11496 10096 0 4667
1405 741 523 548 547 0 1405 741 523 548 547 0 10741 6529 5391 3887 3479 0 2306
171 126 111 101 98 0 171 126 111 101 98 0 21102 11803 7546 5331 5038 0 1917
225 110 98 57 62 0 225 110 98 57 62 0 14887 8587 5649 4047 3658 0 1704
861 477 438 466 510 0 861 477 438 466 510 0 16503 10052 7933 5630 5372 0 2581
732 381 412 535 533 0 732 381 412 535 533 0 19057 11321 9160 6203 5622 0 2697
614 2000 2165 2419 2992 0 614 2000 2165 2419 2992 0 41767 31027 30450 29507 25340 0 15001
115 543 668 897 907 0 115 543 668 897 907 0 37193 30253 29759 30386 25294 0 16323
511 1618 2064 2632 2351 0 511 1618 2064 2632 2351 0 33166 27695 28360 28803 24225 0 16170
528 782 1143 1219 1284 0 528 782 1143 1219 1284 0 5019 3616 6858 8885 7444 0 3880
3078 1625 1360 1502 1680 0 3078 1625 1360 1502 1680 0 7933 7159 14498 14816 12382 0 5994
2191 1138 854 917 1096 0 2191 1138 854 917 1096 0 6265 6819 16722 14798 11951 0 7377
502 449 563 738 927 0 502 449 563 738 927 0 5396 6269 15750 14555 11670 0 7774
1169 757 876 1195 1435 0 1169 757 876 1195 1435 0 6674 6565 16651 15884 13230 0 8339
670 428 531 916 1276 0 670 428 531 916 1276 0 9893 9424 19228 20047 16518 0 8656
10508 5854 4474 4137 3697 0 10508 5854 4474 4137 3697 0 9284 8644 19169 22575 18790 0 9043
12008 7740 5564 4958 4572 0 12008 7740 5564 4958 4572 0 8749 8260 15329 19254 16190 0 5800
2827 1998 1755 1959 2094 0 2827 1998 1755 1959 2094 0 8992 7391 16264 19393 16485 0 7929
1722 2089 2028 2221 2148 0 1722 2089 2028 2221 2148 0 8640 8611 19852 19179 16050 0 6594
5165 2754 2748 2790 2786 0 5165 2754 2748 2790 2786 0 10994 13023 23976 21187 17737 0 9739
9214 5631 4498 3722 3233 0 9214 5631 4498 3722 3233 0 8245 11635 21469 19811 16263 0 8818
3392 2977 2130 2002 2131 0 3392 2977 2130 2002 2131 0 7041 5765 14460 20415 16882 0 11821
2976 2859 2105 2025 2094 0 2976 2859 2105 2025 2094 0 7468 5702 15587 21793 17342 0 12075
4279 3518 2714 2381 2502 0 4279 3518 2714 2381 2502 0 8819 6920 20981 25279 20687 0 13250
4738 3816 2863 2492 2614 0 4738 3816 2863 2492 2614 0 8501 6758 18649 27207 22372 0 15169
37 175 1086 1844 2203 0 37 175 1086 1844 2203 0 14239 15274 27664 32419 28264 0 10923
12041 6293 4795 4497 4130 0 12041 6293 4795 4497 4130 0 12183 13696 28063 34100 27732 0 7700
7109 5530 3923 2998 2450 0 7109 5530 3923 2998 2450 0 18001 13760 30454 29430 25786 0 11402
10750 6130 4369 3322 2635 0 10750 6130 4369 3322 2635 0 13576 13740 28295 29323 24569 0 10801
13131 8006 6063 5065 4326 0 13131 8006 6063 5065 4326 0 8527 10605 22079 20994 17069 0 4893
13512 8859 6620 5247 4341 0 13512 8859 6620 5247 4341 0 11816 11898 27082 26003 21142 0 7957
6458 4172 3181 3164 2716 0 6458 4172 3181 3164 2716 0 9561 8573 19687 23306 19374 0 9441
5351 2858 2815 2679 2468 0 5351 2858 2815 2679 2468 0 9017 8239 19795 23098 19037 0 9696
6490 5140 3745 3108 2935 0 6490 5140 3745 3108 2935 0 9287 9868 24109 22614 18112 0 9782
9316 6023 4683 4232 3884 0 9316 6023 4683 4232 3884 0 11410 9437 23603 22199 18122 0 9483
0 757 1498 1932 1981 0 0 757 1498 1932 1981 0 14003 10982 22861 22474 17757 0 8163
13013 7944 5944 4756 4188 0 13013 7944 5944 4756 4188 0 11537 11456 23463 25816 20656 0 8837
6059 3235 2931 3010 2918 0 6059 3235 2931 3010 2918 0 3914 5638 17597 21307 17598 0 6983
1160 1816 1423 1158 960 0 1160 1816 1423 1158 960 0 11049 8701 23705 25253 22210 0 12383
510 1140 1732 2105 2241 0 510 1140 1732 2105 2241 0 8514 7770 21162 23551 19045 0 10756
13913 7670 5788 5196 4668 0 13913 7670 5788 5196 4668 0 8466 7817 19070 20568 16966 0 4917
1465 3011 2302 2239 2149 0 1465 3011 2302 2239 2149 0 6256 6280 12862 12309 9849 0 6707
5601 3606 3071 2790 2548 0 5601 3606 3071 2790 2548 0 9731 8341 14983 14588 11339 0 6877
8559 5082 3563 2671 2140 0 8559 5082 3563 2671 2140 0 7033 5410 15187 14845 12324 0 4829
8853 5705 4285 3268 2791 0 8853 5705 4285 3268 2791 0 7214 5498 16941 18044 14982 0 8317
6672 4569 3296 2461 2302 0 6672 4569 3296 2461 2302 0 8277 6483 18707 19396 15820 0 8962
1329 1078 1132 1221 1371 0 1329 1078 1132 1221 1371 0 10806 8000 21554 22285 17771 0 6406
10228 6072 4557 4096 3784 0 10228 6072 4557 4096 3784 0 8742 8475 21190 20712 16832 0 8465
9231 5959 4352 3948 3896 0 9231 5959 4352 3948 3896 0 12615 11045 23939 22719 19749 0 7298
1118 935 1332 1749 1955 0 1118 935 1332 1749 1955 0 10439 9950 19399 20090 16332 0 7457
1433 787 967 1405 1637 0 1433 787 967 1405 1637 0 11510 9730 18588 18476 14669 0 7146
9138 5733 4215 3283 2972 0 9138 5733 4215 3283 2972 0 7105 7128 19201 19091 15667 0 7082
7453 4694 3263 2626 2569 0 7453 4694 3263 2626 2569 0 5989 4700 14234 14902 12238 0 6751
1496 1493 1219 1229 1270 0 1496 1493 1219 1229 1270 0 2622 2253 3658 3088 2431 0 2203
0 262 452 328 259 0 0 262 452 328 259 0 1368 1229 1423 1179 1137 0 1413
0 0 255 432 347 0 0 0 255 432 347 0 2099 1749 2090 1601 1584 0 1798
0 585 593 442 350 0 0 585 593 442 350 0 2515 2572 2642 2490 1916 0 1893
0 0 260 370 313 0 0 0 260 370 313 0 1642 1563 1888 1682 1489 0 1653
0 733 890 1001 1046 0 0 733 890 1001 1046 0 2682 2626 4086 3150 3200 0 2220
0 0 226 299 238 0 0 0 226 299 238 0 1293 1331 1471 1183 1032 0 1088
0 0 203 514 411 0 0 0 203 514 411 0 2199 1924 2318 2122 1700 0 1772
1628 801 748 955 1017 0 1628 801 748 955 1017 0 3120 2355 2738 2632 2312 0 2220
2546 3168 2463 1860 1548 0 2546 3168 2463 1860 1548 0 1449 1093 1055 1354 1141 0 944
3451 1799 1289 1203 1129 0 3451 1799 1289 1203 1129 0 5260 3851 4215 4177 3520 0 2696
2723 1413 1043 1056 1008 0 2723 1413 1043 1056 1008 0 5203 3758 4750 4089 3875 0 2982
3843 1816 1574 1534 1545 0 3843 1816 1574 1534 1545 0 4253 3205 4072 4021 3499 0 3134
89 85 138 273 295 0 89 85 138 273 295 0 6770 5388 5770 6213 4901 0 3897
10208 5684 4102 3588 3053 0 10208 5684 4102 3588 3053 0 5795 4315 5249 5123 4309 0 3509
0 0 436 554 434 0 0 0 436 554 434 0 4458 3661 4445 4564 3887 0 3380
0 0 511 785 625 0 0 0 511 785 625 0 5614 4732 6701 5590 4800 0 3826
14339 8093 5919 5129 4664 0 14339 8093 5919 5129 4664 0 7779 5785 9961 8968 7743 0 4339
0 0 416 542 399 0 0 0 416 542 399 0 5005 4068 4693 4611 3714 0 3504
2109 1612 1479 1473 1193 0 2109 1612 1479 1473 1193 0 5865 5718 6583 5983 5063 0 3660
0 0 546 706 567 0 0 0 546 706 567 0 7951 5595 6980 6756 5809 0 4332
0 0 583 822 649 0 0 0 583 822 649 0 6186 4616 5934 5624 4887 0 4094
11861 6396 4717 4136 3238 0 11861 6396 4717 4136 3238 0 3749 3642 5933 6515 5057 0 4042
1624 1375 1330 986 801 0 1624 1375 1330 986 801 0 4154 2995 3289 2679 2505 0 2582
0 0 294 325 280 0 0 0 294 325 280 0 2724 2171 2775 2328 2058 0 1790
72 3142 2472 2225 1801 0 72 3142 2472 2225 1801 0 5949 5477 6093 6398 5422 0 2714
0 19 410 577 474 0 0 19 410 577 474 0 4951 4586 5184 5854 4822 0 2875
0 0 396 536 419 0 0 0 396 536 419 0 4230 3791 4005 4545 3859 0 1866
0 80 493 580 480 0 0 80 493 580 480 0 4688 4020 4496 5267 4498 0 3127
1692 4626 3493 2932 2282 0 1692 4626 3493 2932 2282 0 3904 3446 4157 4701 4058 0 3263
1238 954 752 719 826 0 1238 954 752 719 826 0 2018 1507 1258 2063 1785 0 776
9314 9344 7066 5705 4661 0 9314 9344 7066 5705 4661 0 7228 6283 6099 7412 6091 0 3739
10721 9453 6826 5635 4497 0 10721 9453 6826 5635 4497 0 10135 7356 7061 7603 6312 0 4083
5399 7397 6466 5323 4496 0 5399 7397 6466 5323 4496 0 9029 6986 6172 8468 7133 0 4045
2057 2100 2984 5070 5957 0 2057 2100 2984 5070 5957 0 13936 8642 10714 9569 11121 0 4495
1052 1966 1772 1488 4068 0 1052 1966 1772 1488 4068 0 9238 8472 11509 12074 10052 0 5086
1611 2600 2315 1978 3595 0 1611 2600 2315 1978 3595 0 10767 8611 11488 12427 10472 0 5499
1907 3010 2662 2542 3505 0 1907 3010 2662 2542 3505 0 11322 10542 13463 13924 11296 0 6121
2983 3219 2426 2357 3375 0 2983 3219 2426 2357 3375 0 12290 10265 14522 14259 11887 0 5866
5 2 683 972 774 0 5 2 683 972 774 0 12427 11165 13848 13403 9959 0 5058
1340 859 586 454 516 0 1340 859 586 454 516 0 13812 8637 5900 4698 4006 0 2540
1653 1303 949 877 910 0 1653 1303 949 877 910 0 18572 13061 8998 6899 5963 0 3714
589 289 215 192 274 0 589 289 215 192 274 0 11501 8248 5623 4356 3625 0 2271
7841 4310 3036 2652 2272 0 7841 4310 3036 2652 2272 0 2627 2197 2558 2645 2292 0 1961
0 0 255 377 330 0 0 0 255 377 330 0 1270 1276 1508 1392 1189 0 1295
0 0 624 638 547 0 0 0 624 638 547 0 5336 5623 5213 4513 4043 0 4022
1992 1979 1908 1754 1403 0 1992 1979 1908 1754 1403 0 5276 5749 6501 6643 5402 0 4286
0 0 340 479 393 0 0 0 340 479 393 0 3404 3116 4252 4174 3364 0 3088
805 433 490 721 847 0 805 433 490 721 847 0 3705 2849 3119 3458 3052 0 2483
1900 964 914 1137 1177 0 1900 964 914 1137 1177 0 4223 3200 3392 3895 3216 0 2846
0 736 763 578 458 0 0 736 763 578 458 0 7946 6224 6892 5486 6009 0 3522
2337 2368 1993 1534 1403 0 2337 2368 1993 1534 1403 0 10673 19696 19407 14780 11751 0 8661
0 642 1192 1521 1652 0 0 642 1192 1521 1652 0 9038 20386 19103 14590 11772 0 8273
1395 1911 2158 2284 1909 0 1395 1911 2158 2284 1909 0 7976 18700 17729 13423 10889 0 6841
1737 2222 2300 2156 1749 0 1737 2222 2300 2156 1749 0 13411 22099 21010 16013 12662 0 11164
1795 2281 2442 2246 1786 0 1795 2281 2442 2246 1786 0 13426 25450 22872 17385 14070 0 8854
935 1549 1718 1981 2072 0 935 1549 1718 1981 2072 0 10298 20002 18983 14344 11803 0 7547
0 1019 1451 1800 1905 0 0 1019 1451 1800 1905 0 10271 21164 20667 15959 12804 0 10016
2166 2448 2499 2120 1700 0 2166 2448 2499 2120 1700 0 11299 20568 20692 15808 12947 0 11637
2488 2636 2558 2474 2047 0 2488 2636 2558 2474 2047 0 10122 21803 22092 16675 13735 0 9835
2226 2656 2839 2722 2181 0 2226 2656 2839 2722 2181 0 14815 30748 30038 22528 18309 0 11294
1631 2040 2183 2043 1652 0 1631 2040 2183 2043 1652 0 8064 17916 15746 11880 9866 0 5713
0 314 911 1255 1376 0 0 314 911 1255 1376 0 5668 13378 12534 9625 7848 0 5906
1725 1923 1924 1796 1428 0 1725 1923 1924 1796 1428 0 6021 13038 13713 10560 8409 0 7689
0 602 935 1214 1307 0 0 602 935 1214 1307 0 4527 10350 10108 7830 6298 0 4755
1268 1607 1662 1398 1133 0 1268 1607 1662 1398 1133 0 3560 8856 8766 6603 5505 0 3475
1318 1443 1402 1555 1635 0 1318 1443 1402 1555 1635 0 4795 10442 9632 7477 6232 0 3849
7067 4552 3742 3261 2838 0 7067 4552 3742 3261 2838 0 9210 15999 15168 12264 7957 0 4063
1753 1535 1179 918 836 0 1753 1535 1179 918 836 0 4623 11422 10138 7640 6375 0 3004
2120 1346 937 748 843 0 2120 1346 937 748 843 0 25504 20395 16518 13982 11787 0 4999
681 345 278 361 506 0 681 345 278 361 506 0 12943 15332 14274 12770 11895 0 4042
1847 2017 1710 1343 1297 0 1847 2017 1710 1343 1297 0 4970 12564 14350 11394 9281 0 3743
1981 1833 1370 1188 1294 0 1981 1833 1370 1188 1294 0 8565 17200 16443 12646 10309 0 5402
1124 1003 734 735 875 0 1124 1003 734 735 875 0 6418 13436 11500 9953 7683 0 4465
1512 1704 1513 1157 900 0 1512 1704 1513 1157 900 0 3976 11515 10606 7920 6805 0 3859
1522 1650 1453 1157 957 0 1522 1650 1453 1157 957 0 4457 11637 10442 7951 6621 0 2700
1272 1419 1108 920 987 0 1272 1419 1108 920 987 0 7376 13628 12040 8573 8007 0 3304
1718 1550 1210 962 828 0 1718 1550 1210 962 828 0 7211 14106 12297 9455 7803 0 3249
1961 1820 1370 1026 851 0 1961 1820 1370 1026 851 0 7870 14892 12937 9786 8008 0 2869
1845 1775 1496 1224 1015 0 1845 1775 1496 1224 1015 0 6961 14942 13838 10454 8784 0 3561
2033 1852 1379 1112 1074 0 2033 1852 1379 1112 1074 0 8031 16435 16681 12827 10388 0 4456
1559 1449 1242 1049 882 0 1559 1449 1242 1049 882 0 11241 23868 20969 15372 13128 0 7515
2532 2357 1772 1502 1380 0 2532 2357 1772 1502 1380 0 13044 31298 23474 18054 14088 0 5178
1593 1684 1427 1128 1015 0 1593 1684 1427 1128 1015 0 4532 10692 9711 7410 6183 0 2678
1488 1549 1132 910 911 0 1488 1549 1132 910 911 0 4287 11096 9300 7334 5927 0 2576
1999 2045 1775 1376 1258 0 1999 2045 1775 1376 1258 0 5492 14424 13256 10169 8499 0 3647
1433 1172 1183 1262 1619 0 1433 1172 1183 1262 1619 0 19034 21902 19337 15097 13634 0 7947
465 235 192 173 173 0 465 235 192 173 173 0 9348 14697 13300 10192 11455 0 5533
428 211 159 132 110 0 428 211 159 132 110 0 9487 15227 13381 10050 10353 0 5535
1560 1719 1365 1052 1066 0 1560 1719 1365 1052 1066 0 6280 12561 11360 8723 7099 0 4794
1811 1976 1595 1206 1158 0 1811 1976 1595 1206 1158 0 7376 12656 11596 8938 7293 0 5639
184 512 1043 779 624 0 184 512 1043 779 624 0 21101 18179 17730 13836 11748 0 6909
1533 843 774 1174 1585 0 1533 843 774 1174 1585 0 15325 16998 15993 12868 10026 0 6371
1474 1037 825 1154 1578 0 1474 1037 825 1154 1578 0 23709 24329 20286 14347 12072 0 6834
1528 1770 1432 1071 1060 0 1528 1770 1432 1071 1060 0 6406 12249 11286 8699 7023 0 3854
1845 1813 1416 1126 1080 0 1845 1813 1416 1126 1080 0 6546 12811 11755 9118 7706 0 3796
1860 1679 1177 894 948 0 1860 1679 1177 894 948 0 6820 13132 12590 9416 7881 0 4248
1435 1191 908 704 623 0 1435 1191 908 704 623 0 7554 14339 14455 10946 9137 0 3731
1976 1769 1403 1108 942 0 1976 1769 1403 1108 942 0 7890 15955 16923 12934 10708 0 5980
1391 1446 1065 1156 1567 0 1391 1446 1065 1156 1567 0 20897 18670 16744 14730 11430 0 6366
2390 1439 1052 1363 1680 0 2390 1439 1052 1363 1680 0 18813 18532 17751 14482 12608 0 7148
221 182 161 163 161 0 221 182 161 163 161 0 5169 9768 11021 8567 7000 0 4910
2347 2237 1775 1356 1276 0 2347 2237 1775 1356 1276 0 5152 10443 12621 9728 8134 0 5213
2092 2144 1781 1395 1309 0 2092 2144 1781 1395 1309 0 5700 11865 13171 9978 8255 0 4345
1972 1838 1306 1139 1184 0 1972 1838 1306 1139 1184 0 5328 11988 12615 9791 7931 0 4394
1547 1412 1183 1457 1723 0 1547 1412 1183 1457 1723 0 21728 21375 23443 19289 16319 0 6534
1287 1207 912 1033 1418 0 1287 1207 912 1033 1418 0 16490 17355 19883 16805 15299 0 9003
2309 2192 1593 1363 1457 0 2309 2192 1593 1363 1457 0 5970 11268 15255 12016 9848 0 5945
2384 2491 1960 1559 1516 0 2384 2491 1960 1559 1516 0 7599 19384 16592 12527 10350 0 5688
2463 2631 2061 1614 1585 0 2463 2631 2061 1614 1585 0 7264 20460 17580 12991 10857 0 6510
2398 2292 1769 1379 1315 0 2398 2292 1769 1379 1315 0 11100 22467 18073 13880 11223 0 5274
2299 1861 1315 1105 1163 0 2299 1861 1315 1105 1163 0 7053 17935 14497 11115 9112 0 3335
0 717 1059 1374 1376 0 0 717 1059 1374 1376 0 5411 13899 11953 9279 7484 0 3615
1003 1481 1433 1647 1771 0 1003 1481 1433 1647 1771 0 5145 10890 12284 9444 7781 0 4418
923 1383 1364 1597 1725 0 923 1383 1364 1597 1725 0 5181 11605 12105 9492 7991 0 3589
0 792 1187 1487 1601 0 0 792 1187 1487 1601 0 8465 15604 14252 11305 8884 0 4316
1753 1787 1492 1135 1162 0 1753 1787 1492 1135 1162 0 6317 15122 14529 11240 9260 0 3923
220 1005 1193 1443 1415 0 220 1005 1193 1443 1415 0 9601 15844 13941 10925 8774 0 3366
1805 1913 1625 1295 1378 0 1805 1913 1625 1295 1378 0 9921 24096 17765 13794 10764 0 3558
1646 1450 1121 878 865 0 1646 1450 1121 878 865 0 6254 23564 18292 13692 11062 0 6825
993 1626 1752 1845 1840 0 993 1626 1752 1845 1840 0 6412 7669 17710 15236 12142 0 8637
1112 1992 1814 2017 2105 0 1112 1992 1814 2017 2105 0 7752 8531 18995 16513 13428 0 10474
2778 2437 1897 1432 1644 0 2778 2437 1897 1432 1644 0 44131 36802 29096 21302 16833 0 8199
260 131 86 171 355 0 260 131 86 171 355 0 8629 12626 13237 10562 8498 0 7275
1344 1582 1412 1604 1717 0 1344 1582 1412 1604 1717 0 7136 11820 13887 11216 9162 0 7964
1083 1728 1950 2200 2232 0 1083 1728 1950 2200 2232 0 13447 21911 23758 19002 15856 0 9054
1485 1724 1645 1857 1939 0 1485 1724 1645 1857 1939 0 8224 14299 16368 13092 10668 0 10448
1516 1749 1637 1837 1958 0 1516 1749 1637 1837 1958 0 7959 13910 16747 13056 10548 0 9837
1618 1810 1618 1811 1902 0 1618 1810 1618 1811 1902 0 6568 13188 16071 12693 9982 0 8762
969 1458 1563 1765 1826 0 969 1458 1563 1765 1826 0 11136 17261 19041 15222 11196 0 8749
